100
2073
1 27
1 41
1 55
1 63
1 83
1 88
1 91
1 99
2 3
2 4
2 11
2 16
2 18
2 20
2 24
2 27
2 30
2 31
2 43
2 44
2 54
2 56
2 65
2 71
2 75
2 77
2 82
2 83
2 85
2 91
2 93
2 94
2 95
3 4
3 10
3 13
3 16
3 19
3 23
3 27
3 33
3 34
3 36
3 38
3 39
3 40
3 46
3 49
3 52
3 56
3 58
3 62
3 63
3 65
3 68
3 69
3 71
3 75
3 77
3 84
3 86
3 88
3 90
3 91
3 93
3 95
3 96
3 97
3 98
4 1
4 3
4 7
4 10
4 15
4 17
4 21
4 23
4 25
4 27
4 28
4 29
4 31
4 32
4 34
4 39
4 44
4 48
4 49
4 50
4 52
4 59
4 61
4 63
4 65
4 68
4 69
4 71
4 73
4 84
4 85
4 95
4 98
4 99
5 8
5 9
5 12
5 14
5 23
5 29
5 31
5 33
5 38
5 45
5 52
5 65
5 81
5 86
5 92
5 95
6 8
6 18
6 25
6 27
6 29
6 37
6 42
6 43
6 45
6 62
6 65
6 67
6 70
6 75
6 76
6 80
6 81
6 86
6 87
6 96
6 100
7 2
7 10
7 22
7 24
7 28
7 33
7 36
7 44
7 49
7 50
7 52
7 54
7 55
7 60
7 72
7 87
7 97
7 98
7 100
8 3
8 4
8 10
8 11
8 49
8 54
8 68
8 78
8 80
8 86
8 88
8 96
8 100
9 15
9 26
9 28
9 35
9 43
9 53
9 59
9 72
9 75
9 90
9 96
10 1
10 2
10 4
10 11
10 13
10 22
10 24
10 33
10 39
10 40
10 42
10 48
10 52
10 54
10 55
10 57
10 58
10 62
10 65
10 67
10 68
10 69
10 71
10 73
10 74
10 77
10 78
10 91
10 92
10 93
10 96
10 97
10 99
11 4
11 9
11 10
11 18
11 21
11 32
11 33
11 35
11 37
11 51
11 53
11 56
11 64
11 67
11 76
11 77
11 81
11 87
11 88
11 89
11 94
11 98
11 100
12 1
12 4
12 14
12 21
12 22
12 27
12 28
12 30
12 36
12 37
12 39
12 40
12 42
12 46
12 51
12 54
12 56
12 58
12 68
12 70
12 74
12 76
12 77
12 78
12 80
12 81
12 89
12 90
12 94
12 96
13 5
13 11
13 14
13 15
13 19
13 41
13 45
13 54
13 57
13 62
13 69
13 71
13 86
13 88
14 5
14 8
14 9
14 13
14 17
14 18
14 25
14 26
14 27
14 36
14 37
14 38
14 39
14 40
14 41
14 42
14 43
14 47
14 53
14 54
14 61
14 62
14 64
14 68
14 69
14 70
14 85
14 89
14 97
14 98
15 4
15 5
15 8
15 9
15 11
15 13
15 21
15 22
15 27
15 31
15 32
15 33
15 43
15 51
15 58
15 59
15 60
15 62
15 64
15 66
15 67
15 72
15 75
15 76
15 79
15 82
15 84
15 90
15 95
15 98
15 99
15 100
16 19
16 21
16 27
16 29
16 41
16 45
16 62
16 68
16 71
16 73
16 86
16 89
16 91
16 97
17 3
17 5
17 11
17 16
17 18
17 25
17 26
17 34
17 38
17 41
17 43
17 46
17 47
17 50
17 52
17 54
17 56
17 57
17 59
17 61
17 64
17 66
17 70
17 71
17 75
17 80
17 89
17 90
17 98
18 2
18 7
18 10
18 13
18 15
18 30
18 35
18 48
18 49
18 51
18 53
18 54
18 59
18 67
18 76
18 78
18 82
18 84
18 85
18 90
18 97
18 100
19 16
19 17
19 20
19 21
19 27
19 28
19 30
19 31
19 38
19 40
19 45
19 47
19 52
19 55
19 57
19 58
19 59
19 60
19 61
19 62
19 65
19 67
19 68
19 75
19 82
19 83
19 84
19 89
19 91
19 96
19 98
19 99
20 1
20 2
20 5
20 12
20 13
20 22
20 53
20 60
20 64
20 81
20 87
21 2
21 10
21 14
21 19
21 26
21 29
21 36
21 48
21 49
21 52
21 61
21 62
21 66
21 69
21 70
21 76
21 77
21 85
21 86
21 87
21 88
21 94
21 98
21 99
21 100
22 12
22 14
22 23
22 27
22 29
22 34
22 37
22 39
22 41
22 42
22 43
22 49
22 62
22 65
22 70
22 75
22 78
22 81
22 82
22 83
22 86
22 95
22 96
22 100
23 4
23 10
23 13
23 18
23 19
23 24
23 26
23 32
23 33
23 34
23 38
23 39
23 49
23 51
23 54
23 57
23 59
23 69
23 70
23 76
23 83
23 89
23 95
23 97
23 99
24 5
24 8
24 11
24 15
24 17
24 19
24 20
24 21
24 23
24 28
24 30
24 31
24 32
24 36
24 39
24 41
24 43
24 44
24 47
24 52
24 53
24 58
24 59
24 60
24 62
24 66
24 68
24 72
24 78
24 80
24 81
24 82
24 83
24 84
24 90
24 92
24 93
24 94
24 96
24 98
25 12
25 15
25 17
25 18
25 20
25 23
25 26
25 29
25 31
25 33
25 39
25 40
25 41
25 42
25 47
25 49
25 53
25 55
25 56
25 62
25 63
25 64
25 73
25 77
25 78
25 79
25 82
25 86
25 89
25 91
25 92
25 96
26 1
26 2
26 5
26 6
26 10
26 11
26 16
26 23
26 30
26 36
26 38
26 39
26 42
26 43
26 45
26 48
26 52
26 64
26 69
26 73
26 75
26 80
26 84
26 86
27 4
27 7
27 18
27 23
27 29
27 31
27 41
27 43
27 47
27 51
27 60
27 64
27 85
27 86
27 90
27 95
27 98
27 99
28 10
28 29
28 37
28 40
28 46
28 59
28 74
28 92
28 97
29 3
29 14
29 19
29 46
29 52
29 83
29 94
30 5
30 6
30 9
30 13
30 16
30 17
30 22
30 23
30 25
30 29
30 31
30 34
30 35
30 41
30 44
30 48
30 52
30 53
30 55
30 56
30 60
30 61
30 63
30 64
30 68
30 69
30 72
30 73
30 77
30 81
30 86
30 87
30 91
30 95
30 98
30 99
31 5
31 14
31 25
31 52
31 67
31 70
31 71
31 79
32 17
32 18
32 21
32 25
32 33
32 34
32 35
32 52
32 53
32 67
32 76
32 83
32 86
32 87
32 89
33 5
33 10
33 15
33 18
33 20
33 21
33 24
33 28
33 35
33 40
33 43
33 58
33 61
33 62
33 63
33 68
33 70
33 73
33 74
33 76
33 77
33 79
33 84
33 85
33 88
33 89
33 92
33 93
33 95
33 97
33 98
33 99
34 26
34 49
34 52
34 56
34 61
34 66
34 91
34 97
35 4
35 5
35 8
35 24
35 27
35 40
35 45
35 57
35 59
35 64
35 68
35 70
35 73
35 79
35 80
36 2
36 14
36 24
36 45
36 60
36 63
36 69
36 78
37 6
37 12
37 21
37 31
37 34
37 38
37 42
37 51
37 54
37 62
37 66
37 71
37 86
37 93
37 99
38 6
38 8
38 10
38 14
38 17
38 18
38 21
38 23
38 26
38 34
38 39
38 40
38 54
38 56
38 57
38 66
38 69
38 70
38 73
38 76
38 79
38 89
38 91
38 92
38 93
39 5
39 6
39 10
39 11
39 12
39 14
39 17
39 18
39 20
39 22
39 23
39 27
39 30
39 34
39 36
39 42
39 43
39 44
39 47
39 49
39 56
39 59
39 60
39 62
39 67
39 68
39 69
39 72
39 74
39 75
39 82
39 86
39 87
39 88
39 94
39 98
40 4
40 5
40 9
40 11
40 15
40 16
40 17
40 18
40 19
40 26
40 29
40 30
40 31
40 36
40 43
40 46
40 48
40 50
40 51
40 55
40 56
40 57
40 58
40 61
40 67
40 68
40 70
40 71
40 72
40 82
40 85
40 88
40 91
40 92
40 95
40 96
40 97
41 17
41 20
41 23
41 27
41 29
41 34
41 39
41 40
41 42
41 44
41 48
41 49
41 51
41 52
41 54
41 66
41 72
41 78
41 81
41 87
41 92
41 98
41 99
42 3
42 6
42 10
42 11
42 12
42 16
42 23
42 26
42 27
42 29
42 32
42 35
42 39
42 40
42 41
42 43
42 48
42 52
42 57
42 59
42 61
42 62
42 63
42 66
42 68
42 70
42 71
42 72
42 74
42 75
42 77
42 82
42 83
42 84
42 92
42 97
43 1
43 6
43 9
43 19
43 24
43 28
43 31
43 32
43 36
43 49
43 50
43 52
43 54
43 56
43 67
43 71
43 74
43 86
43 89
43 93
44 1
44 2
44 7
44 9
44 11
44 12
44 15
44 20
44 26
44 28
44 31
44 32
44 34
44 35
44 36
44 37
44 39
44 41
44 47
44 48
44 49
44 53
44 55
44 56
44 65
44 67
44 68
44 69
44 70
44 71
44 74
44 78
44 82
44 83
44 87
44 88
44 90
44 93
44 96
44 98
44 99
45 7
45 8
45 9
45 11
45 20
45 21
45 22
45 25
45 35
45 36
45 37
45 38
45 39
45 46
45 52
45 53
45 60
45 66
45 69
45 74
45 80
45 86
45 87
46 7
46 10
46 14
46 18
46 21
46 23
46 25
46 34
46 37
46 39
46 41
46 43
46 52
46 54
46 57
46 60
46 63
46 66
46 67
46 68
46 70
46 72
46 74
46 75
46 77
46 79
46 84
46 87
46 90
46 91
46 93
46 94
46 95
46 97
46 98
47 6
47 11
47 13
47 15
47 21
47 24
47 26
47 27
47 30
47 55
47 56
47 61
47 62
47 63
47 71
47 74
47 76
47 86
47 87
47 88
47 90
47 91
47 98
48 4
48 14
48 16
48 39
48 51
48 54
48 55
48 57
48 72
48 73
48 75
48 82
48 88
48 90
49 14
49 16
49 19
49 20
49 21
49 23
49 24
49 25
49 31
49 41
49 44
49 46
49 48
49 50
49 52
49 53
49 59
49 60
49 62
49 65
49 68
49 70
49 75
49 78
49 85
49 90
49 91
49 92
49 96
50 4
50 5
50 7
50 10
50 11
50 12
50 24
50 27
50 30
50 36
50 38
50 40
50 43
50 46
50 48
50 56
50 59
50 60
50 64
50 66
50 69
50 74
50 82
50 89
50 97
51 3
51 15
51 16
51 18
51 34
51 36
51 39
51 40
51 41
51 42
51 43
51 48
51 49
51 52
51 57
51 58
51 59
51 62
51 65
51 68
51 69
51 70
51 73
51 79
51 80
51 83
51 84
51 86
51 90
51 93
51 98
51 99
52 1
52 6
52 7
52 15
52 30
52 36
52 37
52 44
52 57
52 62
52 68
52 70
52 76
52 87
52 88
52 95
52 96
52 97
52 99
52 100
53 9
53 25
53 34
53 37
53 41
53 45
53 48
53 62
53 66
53 68
53 71
53 79
53 83
53 87
53 95
53 100
54 6
54 10
54 47
54 61
54 77
55 17
55 30
55 36
55 38
55 44
55 50
55 94
55 99
56 18
56 25
56 32
56 35
56 55
56 59
56 67
56 76
56 88
56 91
56 92
56 94
56 96
56 100
57 6
57 15
57 36
57 43
57 44
57 59
57 62
57 64
57 99
58 16
58 23
58 27
58 50
58 61
58 66
58 68
58 79
58 83
58 100
59 10
59 13
59 15
59 26
59 30
59 31
59 33
59 38
59 44
59 49
59 51
59 56
59 57
59 58
59 63
59 71
59 75
59 76
59 82
59 84
59 88
59 92
59 97
59 99
59 100
60 7
60 34
60 45
60 50
60 54
60 62
60 70
60 72
60 75
60 77
60 82
60 84
60 93
60 94
61 7
61 8
61 10
61 11
61 13
61 15
61 16
61 18
61 24
61 26
61 28
61 33
61 34
61 42
61 43
61 44
61 45
61 46
61 51
61 52
61 55
61 56
61 58
61 59
61 60
61 64
61 71
61 76
61 77
61 84
61 87
61 91
61 92
61 96
62 39
62 46
62 66
62 86
63 2
63 3
63 8
63 11
63 12
63 15
63 42
63 43
63 53
63 58
63 61
63 65
63 68
63 69
63 71
63 73
63 75
63 78
63 85
63 86
63 92
64 3
64 21
64 33
64 34
64 36
64 42
64 45
64 52
64 70
64 75
64 87
64 96
65 63
65 66
65 76
65 79
65 81
65 82
65 93
66 5
66 9
66 14
66 23
66 29
66 35
66 37
66 50
66 53
66 65
66 67
66 77
66 80
66 92
67 8
67 38
67 55
67 60
67 78
67 80
68 9
68 11
68 13
68 17
68 23
68 27
68 28
68 30
68 32
68 35
68 38
68 39
68 40
68 50
68 52
68 54
68 56
68 59
68 61
68 69
68 74
68 81
68 85
68 87
68 88
68 94
69 4
69 5
69 13
69 16
69 22
69 23
69 25
69 26
69 29
69 35
69 39
69 40
69 44
69 46
69 50
69 53
69 57
69 64
69 72
69 76
69 78
69 82
69 87
69 98
70 2
70 9
70 12
70 13
70 15
70 21
70 22
70 28
70 33
70 39
70 44
70 49
70 51
70 55
70 57
70 59
70 63
70 71
70 73
70 75
70 77
70 81
70 91
71 6
71 7
71 13
71 16
71 21
71 22
71 23
71 24
71 25
71 34
71 38
71 44
71 48
71 52
71 54
71 55
71 56
71 63
71 64
71 69
71 70
71 72
71 76
71 79
71 84
71 91
71 92
71 93
71 98
71 100
72 19
72 32
72 38
72 41
72 47
72 80
73 2
73 3
73 5
73 21
73 26
73 28
73 38
73 42
73 43
73 46
73 49
73 52
73 56
73 58
73 59
73 61
73 64
73 67
73 79
73 81
73 84
73 91
73 92
73 93
73 98
74 3
74 5
74 21
74 24
74 28
74 42
74 45
74 49
74 54
74 76
74 79
74 89
74 92
74 96
75 4
75 5
75 20
75 26
75 29
75 36
75 37
75 41
75 51
75 66
75 81
75 82
75 98
75 100
76 2
76 8
76 12
76 22
76 45
77 1
77 2
77 5
77 8
77 9
77 14
77 15
77 18
77 19
77 26
77 27
77 28
77 29
77 32
77 34
77 42
77 45
77 47
77 54
77 58
77 61
77 62
77 69
77 73
77 85
77 90
77 96
77 97
78 3
78 5
78 9
78 14
78 15
78 24
78 26
78 31
78 34
78 35
78 36
78 37
78 40
78 41
78 42
78 43
78 45
78 49
78 51
78 52
78 55
78 57
78 65
78 70
78 72
78 75
78 77
78 84
78 85
78 86
78 87
78 92
79 1
79 4
79 9
79 44
79 84
79 86
80 5
80 11
80 18
80 19
80 30
80 32
80 33
80 35
80 37
80 38
80 39
80 40
80 47
80 49
80 62
80 63
80 65
80 68
80 74
80 75
80 77
80 78
80 83
80 92
80 100
81 26
81 60
81 61
81 66
81 71
81 74
81 84
81 98
82 6
82 10
82 18
82 29
82 41
82 50
82 51
82 58
82 77
82 83
82 86
82 89
82 90
83 3
83 6
83 9
83 16
83 20
83 23
83 25
83 40
83 43
83 53
83 54
83 55
83 61
83 62
83 63
83 67
83 71
83 79
83 81
83 92
83 94
83 95
83 97
83 100
84 9
84 16
84 27
84 34
84 37
84 69
84 77
84 95
85 1
85 2
85 3
85 4
85 5
85 7
85 10
85 11
85 12
85 15
85 18
85 20
85 21
85 26
85 27
85 28
85 29
85 32
85 33
85 34
85 39
85 50
85 56
85 59
85 61
85 63
85 64
85 68
85 74
85 76
85 77
85 81
85 83
85 95
86 1
86 3
86 5
86 6
86 8
86 18
86 20
86 29
86 37
86 38
86 40
86 41
86 42
86 48
86 49
86 50
86 51
86 52
86 57
86 58
86 59
86 65
86 66
86 70
86 72
86 76
86 77
86 78
86 79
86 83
86 84
86 93
86 99
87 1
87 3
87 6
87 7
87 9
87 16
87 17
87 20
87 22
87 27
87 34
87 41
87 45
87 48
87 53
87 55
87 57
87 64
87 67
87 68
87 71
87 73
87 76
87 78
87 84
87 85
87 86
87 89
87 96
87 100
88 24
88 40
88 42
88 67
88 73
88 74
88 77
88 80
88 89
89 5
89 7
89 19
89 26
89 30
89 49
89 55
89 68
89 73
89 75
89 78
89 92
89 93
89 100
90 4
90 5
90 22
90 50
90 51
90 55
90 56
90 71
90 76
90 96
90 97
91 1
91 6
91 7
91 8
91 9
91 15
91 16
91 20
91 27
91 30
91 36
91 38
91 42
91 48
91 50
91 54
91 56
91 62
91 63
91 66
91 67
91 77
91 82
91 83
91 85
91 88
91 92
91 93
92 13
92 18
92 23
92 25
92 26
92 32
92 40
92 41
92 45
92 46
92 53
92 55
92 59
92 62
92 64
92 65
92 77
92 81
92 83
92 85
92 87
92 89
92 94
93 3
93 8
93 10
93 21
93 22
93 23
93 24
93 30
93 33
93 35
93 36
93 43
93 47
93 48
93 63
93 70
93 73
93 78
93 86
93 88
93 89
93 94
93 97
93 98
93 99
94 2
94 4
94 6
94 7
94 9
94 10
94 13
94 14
94 15
94 19
94 22
94 23
94 25
94 28
94 30
94 32
94 33
94 38
94 41
94 48
94 53
94 55
94 57
94 59
94 60
94 61
94 64
94 68
94 70
94 72
94 75
94 79
94 86
94 88
94 91
94 96
94 98
95 3
95 4
95 7
95 9
95 18
95 20
95 22
95 29
95 35
95 38
95 39
95 40
95 48
95 51
95 54
95 55
95 57
95 62
95 72
95 74
95 75
95 76
95 82
95 83
95 88
95 96
95 97
95 99
95 100
96 6
96 7
96 9
96 24
96 37
96 41
96 44
96 60
96 69
96 75
96 78
96 82
96 85
96 90
97 13
97 38
97 39
97 46
97 50
97 62
97 66
97 71
97 81
97 82
97 89
97 93
98 61
98 75
98 87
98 95
99 1
99 12
99 18
99 26
99 34
99 36
99 44
99 49
99 58
99 59
99 68
99 69
99 70
99 71
99 72
99 82
99 90
99 93
99 95
99 96
99 98
99 100
100 1
100 5
100 10
100 19
100 22
100 25
100 29
100 30
100 38
100 45
100 46
100 48
100 50
100 56
100 57
100 59
100 61
100 65
100 73
100 75
100 85
100 92
100 93
100 98
100 99
